Ubiq	Germ	Neur	Soma	CAI1	Codon	Amino
0.378689889223282	0.585402759234535	0.6218945487042	0.524083521176889	0	aaa	K
0.515863205603626	0.380571287860133	0.376452282157676	0.442243725430904	1	aac	N
0.621310110776718	0.414597240765465	0.3781054512958	0.475916478823111	1	aag	K
0.484136794396374	0.619428712139867	0.623547717842324	0.557756274569096	0	aat	N
0.251408684123301	0.30700412007063	0.397349453615438	0.334880879657911	0	aca	T
0.280991050712628	0.180459093584461	0.14857009997675	0.210262675626145	1	acc	T
0.113523367583692	0.196821659799882	0.148260094551655	0.117715332926084	0	acg	T
0.354076897580378	0.315715126545026	0.305820351856157	0.33714111178986	0	act	T
0.254948861761795	0.280420911228031	0.28721586053666	0.306939123031077	0	aga	R
0.109786617492097	0.126506475035557	0.0955478003384095	0.106052561720202	0	agc	S
0.0280435499835038	0.0698533527370424	0.0843445564860708	0.0675464736767419	0	agg	R
0.113145416227608	0.132494947226589	0.156038494077834	0.139722148482435	0	agt	S
0.048902027027027	0.1192303534753	0.1760758907913	0.115465544450289	0	ata	I
0.481587837837838	0.38385039455194	0.29639055992596	0.350867964229353	1	atc	I
1	1	1	1	1	atg	M
0.469510135135135	0.49691925197276	0.52753354928274	0.533666491320358	0	att	I
0.649457100276772	0.624812930260401	0.668867268936762	0.676099296788952	1	caa	Q
0.480604328297264	0.442721088435374	0.361462450592885	0.411798233114848	1	cac	H
0.350542899723228	0.375187069739599	0.331132731063238	0.323900703211048	0	cag	Q
0.519395671702736	0.557278911564626	0.638537549407115	0.588201766885152	0	cat	H
0.671527707935231	0.449698716269321	0.517683674431765	0.624948053747056	1	cca	P
0.0496831942069798	0.111867959130207	0.0947844949542582	0.0702313339797756	0	ccc	P
0.132454993462738	0.243646843070474	0.195793643308498	0.151475273583599	0	ccg	P
0.146334104395052	0.194786481529997	0.19173818730548	0.153345338689569	0	cct	P
0.147228637413395	0.227247285346468	0.262177405571697	0.193202781325387	0	cga	R
0.169333553282745	0.12739281316467	0.0773372073149889	0.116432524478501	0	cgc	R
0.0421478060046189	0.0963841934400537	0.0929755597333789	0.0743578827870016	0	cgg	R
0.358297591553943	0.198701444083734	0.195949410357204	0.241521214701291	1	cgt	R
0.0400784604781848	0.0698583652994984	0.100117033726992	0.0765558698727016	0	cta	L
0.272013995652865	0.210607848922986	0.157782742844984	0.185068953323904	1	ctc	L
0.110427821661454	0.179699026261434	0.132407702947122	0.128801272984441	0	ctg	L
0.309176695117426	0.22757450575391	0.257527396531546	0.278995756718529	0	ctt	L
0.548364199522488	0.60223602484472	0.65289432513156	0.59671580714548	0	gaa	E
0.362382156817659	0.349438802779262	0.331583629893238	0.354474708171206	1	gac	D
0.451635800477512	0.39776397515528	0.34710567486844	0.40328419285452	1	gag	E
0.637617843182341	0.650561197220738	0.668416370106762	0.645525291828794	0	gat	D
0.205839333933393	0.285295656724228	0.369110330699444	0.304759769019454	0	gca	A
0.282628262826283	0.210361067503925	0.181518876207199	0.225093905925884	1	gcc	A
0.0783078307830783	0.169126111983255	0.124085455077553	0.101530526433817	0	gcg	A
0.433224572457246	0.335217163788592	0.325285338015803	0.368615798620844	0	gct	A
0.695702277657267	0.549590279740039	0.572659176029963	0.63741223671013	1	gga	G
0.0842597613882863	0.177027408872563	0.124157303370787	0.104062186559679	0	ggc	G
0.0359951193058568	0.087595365922577	0.0907303370786517	0.0732196589769308	0	ggg	G
0.18404284164859	0.185786945464821	0.212453183520599	0.18530591775326	0	ggt	G
0.0929782405553331	0.122808927599347	0.176872230696593	0.143286689025095	0	gta	V
0.31791483113069	0.253347849755035	0.21152030217186	0.234011795998612	1	gtc	V
0.174275797623815	0.259009254218835	0.235635941018377	0.217879033190702	0	gtg	V
0.414831130690162	0.364833968426783	0.375971526113169	0.40482248178559	0	gtt	V
0.764	0.466666666666667	0.466666666666667	0.576612903225806	1	taa	X
0.582514892931895	0.473089099954772	0.433273219116321	0.492604425511774	1	tac	Y
0.134	0.193939393939394	0.173737373737374	0.181451612903226	1	tag	X
0.417485107068105	0.526910900045228	0.566726780883679	0.507395574488226	0	tat	Y
0.199815595363541	0.225166554382813	0.289657360406091	0.253605875586231	0	tca	S
0.172747629083246	0.146418145070739	0.125158629441624	0.145562339615963	1	tcc	S
0.161946786090622	0.17815704768321	0.138642131979695	0.133085567648881	0	tcg	S
0.242557955742887	0.191256830601093	0.194955583756345	0.221971506946288	0	tct	S
0.102	0.339393939393939	0.35959595959596	0.241935483870968	1	tga	X
0.555861120660021	0.512374581939799	0.425568797399783	0.480197116262092	1	tgc	C
1	1	1	1	1	tgg	W
0.444138879339979	0.487625418060201	0.574431202600217	0.519802883737908	0	tgt	C
0.0442135397338705	0.0827677781056359	0.123842962017236	0.0974186704384724	0	tta	L
0.75388983532084	0.563171855367863	0.510418733875769	0.563255730012633	1	ttc	F
0.2240894873562	0.229492475656536	0.22832216193212	0.233159476661952	0	ttg	L
0.24611016467916	0.436828144632137	0.489581266124231	0.436744269987367	0	ttt	F
